-3.355714401731966223e-01 -4.215087866815511730e-01 5.476730064804327114e-01 -3.615441379071371308e-01 -3.662571968355693430e-01 2.050313975487340901e-01 1.660591555117717499e-01 2.744164977986595089e-01
-2.135087725550181559e-01 -3.202559963748343175e-01 -3.699874531247985265e-01 2.276621084750995658e-03 6.355017985810340608e-02 -4.566071685503990119e-01 7.086721281269808825e-01 -1.446670104195155182e-02
-3.855792339238946487e-01 1.720356429082313676e-01 -5.258759669430009831e-01 -5.992531899321543731e-01 -2.712794897448208564e-01 7.556057305822962145e-02 -2.425091552566105702e-01 -2.190201395838796694e-01
-2.831052971518894235e-01 6.669475413199178471e-01 2.193111137245470355e-01 1.362110618825679298e-01 -9.637469874884806165e-02 2.819862381607834423e-01 5.157736963055696844e-01 -2.314189339657999056e-01
-3.725869336697567036e-01 -3.223299489491924241e-01 -2.202162970779051043e-01 6.700125235089030573e-01 -3.448459183190598076e-01 2.746448096805702010e-01 -1.710472769681056493e-01 -1.904330115487111175e-01
-5.076849003629232415e-01 4.182857212870264713e-03 3.960876499617320690e-01 3.337393656351102245e-02 3.204027857679715985e-01 -4.964139879509170128e-01 -3.007249209824670033e-01 -3.804195432597472504e-01
-3.019400330678624345e-01 -1.589229227376810494e-01 -1.423074781320146087e-01 -6.977416899973350184e-02 7.448577314656732451e-01 5.272751895364815589e-01 3.924362777810476433e-02 1.551890463966051348e-01
-3.539111370194140127e-01 3.408527051046210121e-01 -1.135279833713526976e-01 1.916344915673199589e-01 -5.046487548415096169e-02 -2.537136900447040100e-01 -1.553778109107184779e-01 7.860625642102020416e-01
